div=[2,4,6,8];
cycle=[3;15;28;56;84;112;144;480]+12;
fs=84000000./(div.*(cycle));